Podział 100: 
res: 2.580000000000
time: 0.020000
Podział 1000: 
res: 0.000000000000
time: 0.120000
Podział 10000: 
res: 0.000000000000
time: 1.310000
